0 0 0 
0 0 -9.81 
0 0 -9.80951 
0 0 -9.80902 
0 0 -9.80853 
0 0 -9.80804 
0 0 -9.80755 
0 0 -9.80706 
0 0 -9.80657 
0 0 -9.80608 
0 0 -9.80559 
0 0 -9.8051 
0 0 -9.80461 
0 0 -9.80412 
0 0 -9.80363 
0 0 -9.80314 
0 0 -9.80265 
0 0 -9.80216 
0 0 -9.80167 
0 0 -9.80118 
0 0 -9.80069 
0 0 -9.8002 
0 0 -9.79971 
0 0 -9.79922 
0 0 -9.79873 
0 0 -9.79824 
0 0 -9.79775 
0 0 -9.79726 
0 0 -9.79677 
0 0 -9.79628 
0 0 -9.79579 
0 0 -9.7953 
0 0 -9.79481 
0 0 -9.79432 
0 0 -9.79383 
0 0 -9.79334 
0 0 -9.79285 
0 0 -9.79236 
0 0 -9.79187 
0 0 -9.79138 
0 0 -9.79089 
0 0 -9.7904 
0 0 -9.78991 
0 0 -9.78942 
0 0 -9.78893 
0 0 -9.78844 
0 0 -9.78795 
0 0 -9.78746 
0 0 -9.78697 
0 0 -9.78648 
0 0 -9.786 
0 0 -9.78551 
0 0 -9.78502 
0 0 -9.78453 
0 0 -9.78404 
0 0 -9.78355 
0 0 -9.78306 
0 0 -9.78257 
0 0 -9.78208 
0 0 -9.78159 
0 0 -9.7811 
0 0 -9.78061 
0 0 -9.78013 
0 0 -9.77964 
0 0 -9.77915 
0 0 -9.77866 
0 0 -9.77817 
0 0 -9.77768 
0 0 -9.77719 
0 0 -9.7767 
0 0 -9.77621 
0 0 -9.77573 
0 0 -9.77524 
0 0 -9.77475 
0 0 -9.77426 
0 0 -9.77377 
0 0 -9.77328 
0 0 -9.77279 
0 0 -9.77231 
0 0 -9.77182 
0 0 -9.77133 
0 0 -9.77084 
0 0 -9.77035 
0 0 -9.76986 
0 0 -9.76937 
0 0 -9.76889 
0 0 -9.7684 
0 0 -9.76791 
0 0 -9.76742 
0 0 -9.76693 
0 0 -9.76644 
0 0 -9.76596 
0 0 -9.76547 
0 0 -9.76498 
0 0 -9.76449 
0 0 -9.764 
0 0 -9.76351 
0 0 -9.76303 
0 0 -9.76254 
0 0 -9.76205 
0 0 -9.76156 
0 0 -9.76107 
0 0 -9.76059 
0 0 -9.7601 
0 0 -9.75961 
0 0 -9.75912 
0 0 -9.75863 
0 0 -9.75815 
0 0 -9.75766 
0 0 -9.75717 
0 0 -9.75668 
0 0 -9.75619 
0 0 -9.75571 
0 0 -9.75522 
0 0 -9.75473 
0 0 -9.75424 
0 0 -9.75376 
0 0 -9.75327 
0 0 -9.75278 
0 0 -9.75229 
0 0 -9.75181 
0 0 -9.75132 
0 0 -9.75083 
0 0 -9.75034 
0 0 666.927 
0 0 366.979 
0 0 194.063 
0 0 95.4727 
0 0 40.2087 
0 0 10.0625 
0 0 -5.64015 
0 0 -9.81826 
0 0 -9.81776 
0 0 -9.81727 
0 0 -9.81678 
0 0 -9.81629 
0 0 -9.8158 
0 0 -9.81531 
0 0 -9.81482 
0 0 -9.81433 
0 0 -9.81384 
0 0 -9.81335 
0 0 -9.81286 
0 0 -9.81237 
0 0 -9.81188 
0 0 -9.81139 
0 0 -9.81089 
0 0 -9.8104 
0 0 -9.80991 
0 0 -9.80942 
0 0 -9.80893 
0 0 -9.80844 
0 0 -9.80795 
0 0 -9.80746 
0 0 31.3582 
0 0 17.8058 
0 0 9.61688 
0 0 4.92118 
0 0 2.26567 
0 0 0.796258 
0 0 0.011755 
0 0 -0.381249 
0 0 -0.553933 
0 0 -0.60566 
0 0 -0.608402 
0 0 -0.595282 
0 0 -0.563901 
0 0 -0.517355 
0 0 -0.460721 
0 0 -0.399198 
0 0 -0.336739 
0 0 -0.274056 
0 0 -0.217014 
0 0 -0.168614 
0 0 -0.12923 
0 0 -0.098044 
0 0 -0.0738082 
0 0 -0.055226 
0 0 -0.0411205 
0 0 -0.0304945 
0 0 -0.0225377 
0 0 -0.0166081 
0 0 -0.0122068 
0 0 -0.00895103 
0 0 -0.00654957 
0 0 -0.00478285 
0 0 -0.00348613 
0 0 -0.00253642 
0 0 -0.00184225 
0 0 -0.00133581 
0 0 -0.00096701 
0 0 -0.000698899 
0 0 -0.000504318 
0 0 -0.000363334 
0 0 -0.000261349 
0 0 -0.000187692 
0 0 -0.00013458 
0 0 -9.63422e-05 
0 0 -6.88566e-05 
0 0 -4.91311e-05 
