0 0 0 
0 0 0 
0 0 0 
0 0 0 
0 0 0 
0 0 0 
0 0 0 
0 0 0 
0 0 0 
0 0 0 
0 0 0 
0 0 0 
0 0 0 
0 0 0 
0 0 0 
0 0 0 
0 0 0 
0 0 0 
0 0 0 
0 0 0 
0 0 0 
0 0 0 
0 0 0 
0 0 0 
0 0 0 
0 0 0 
0 0 0 
0 0 0 
0 0 0 
0 0 0 
0 0 0 
0 0 0 
0 0 0 
0 0 0 
0 0 0 
0 0 0 
0 0 0 
0 0 0 
0 0 0 
0 0 0 
0 0 0 
0 0 0 
0 0 0 
0 0 0 
0 0 0 
0 0 0 
0 0 0 
0 0 0 
0 0 0 
0 0 0 
0 0 0 
0 0 0 
0 0 0 
0 0 0 
0 0 0 
0 0 0 
0 0 0 
0 0 0 
0 0 0 
0 0 0 
0 0 0 
0 0 0 
0 0 0 
0 0 0 
0 0 0 
0 0 0 
0 0 0 
0 0 0 
0 0 0 
0 0 0 
0 0 0 
0 0 0 
0 0 0 
0 0 0 
0 0 0 
0 0 0 
0 0 0 
0 0 0 
0 0 0 
0 0 0 
0 0 0 
0 0 0 
0 0 0 
0 0 0 
0 0 0 
0 0 0 
0 0 0 
0 0 0 
0 0 0 
0 0 0 
0 0 0 
0 0 0 
0 0 0 
0 0 0 
0 0 0 
0 0 0 
0 0 0 
0 0 0 
0 0 0 
0 0 0 
0 0 0 
0 0 0 
0 0 0 
0 0 0 
0 0 0 
0 0 0 
0 0 0 
0 0 0 
0 0 0 
0 0 0 
0 0 0 
0 0 0 
0 0 0 
0 0 0 
0 0 0 
0 0 0 
0 0 0 
0 0 0 
0 0 0 
0 0 0 
0 0 0 
0 0 0 
0 0 0 
0 0 -0.00819311 
0 0 -0.0148932 
0 0 -0.0170062 
0 0 -0.0166936 
0 0 -0.0151876 
0 0 -0.0131791 
0 0 -0.0110447 
0 0 -0.00898092 
0 0 -0.00703982 
0 0 -0.00522143 
0 0 -0.00352575 
0 0 -0.00195278 
0 0 -0.000502501 
0 0 0.000825084 
0 0 0.00202998 
0 0 0.00311221 
0 0 0.00407175 
0 0 0.00490863 
0 0 0.00490863 
0 0 0.00490863 
0 0 0.00490863 
0 0 0.00490863 
0 0 0.00490863 
0 0 0.00490863 
0 0 0.00490863 
0 0 0.00490863 
0 0 0.00490863 
0 0 0.00490863 
0 0 0.00490863 
0 0 0.00490863 
0 0 0.0046282 
0 0 0.00426292 
0 0 0.00412021 
0 0 0.00409771 
0 0 0.00413671 
0 0 0.00420404 
0 0 0.00428132 
0 0 0.00435874 
0 0 0.0044314 
0 0 0.00449714 
0 0 0.00455531 
0 0 0.00460587 
0 0 0.00464899 
0 0 0.00468506 
0 0 0.00471467 
0 0 0.00473851 
0 0 0.00475737 
0 0 0.00477202 
0 0 0.00478324 
0 0 0.00479175 
0 0 0.00479815 
0 0 0.00480294 
0 0 0.0048065 
0 0 0.00480914 
0 0 0.00481109 
0 0 0.00481252 
0 0 0.00481358 
0 0 0.00481435 
0 0 0.00481491 
0 0 0.00481532 
0 0 0.00481562 
0 0 0.00481584 
0 0 0.004816 
0 0 0.00481611 
0 0 0.0048162 
0 0 0.00481626 
0 0 0.0048163 
0 0 0.00481633 
0 0 0.00481635 
0 0 0.00481637 
0 0 0.00481638 
0 0 0.00481639 
0 0 0.00481639 
0 0 0.0048164 
0 0 0.0048164 
0 0 0.0048164 
0 0 0.00481641 
