0 0 0 0 0 0
0 0 0 0 0 0
0 0 0 0 0 0
0 0 0 0 0 0
0 0 0 0 0 0
0 0 0 0 0 0
0 0 0 0 0 0
0 0 0 0 0 0
0 0 0 0 0 0
0 0 0 0 0 0
0 0 0 0 0 0
0 0 0 0 0 0
0 0 0 0 0 0
0 0 0 0 0 0
0 0 0 0 0 0
0 0 0 0 0 0
0 0 0 0 0 0
0 0 0 0 0 0
0 0 0 0 0 0
0 0 0 0 0 0
0 0 0 0 0 0
0 0 0 0 0 0
0 0 0 0 0 0
0 0 0 0 0 0
0 0 0 0 0 0
0 0 0 0 0 0
0 0 0 0 0 0
0 0 0 0 0 0
0 0 0 0 0 0
0 0 0 0 0 0
0 0 0 0 0 0
0 0 0 0 0 0
0 0 0 0 0 0
0 0 0 0 0 0
0 0 0 0 0 0
0 0 0 0 0 0
0 0 0 0 0 0
0 0 0 0 0 0
0 0 0 0 0 0
0 0 0 0 0 0
0 0 0 0 0 0
0 0 0 0 0 0
0 0 0 0 0 0
0 0 0 0 0 0
0 0 0 0 0 0
0 0 0 0 0 0
0 0 0 0 0 0
0 0 0 0 0 0
0 0 0 0 0 0
0 0 0 0 0 0
0 0 0 0 0 0
0 0 0 0 0 0
0 0 0 0 0 0
0 0 0 0 0 0
0 0 0 0 0 0
0 0 0 0 0 0
0 0 0 0 0 0
0 0 0 0 0 0
0 0 0 0 0 0
0 0 0 0 0 0
0 0 0 0 0 0
0 0 0 0 0 0
0 0 0 0 0 0
0 0 0 0 0 0
0 0 0 0 0 0
0 0 0 0 0 0
0 0 0 0 0 0
0 0 0 0 0 0
0 0 0 0 0 0
0 0 0 0 0 0
0 0 0 0 0 0
0 0 0 0 0 0
0 0 0 0 0 0
0 0 0 0 0 0
0 0 0 0 0 0
0 0 0 0 0 0
0 0 0 0 0 0
0 0 0 0 0 0
0 0 0 0 0 0
0 0 0 0 0 0
0 0 0 0 0 0
0 0 0 0 0 0
0 0 0 0 0 0
0 0 0 0 0 0
0 0 0 0 0 0
0 0 0 0 0 0
0 0 0 0 0 0
0 0 0 0 0 0
0 0 0 0 0 0
0 0 0 0 0 0
0 0 0 0 0 0
0 0 0 0 0 0
0 0 0 0 0 0
0 0 0 0 0 0
0 0 0 0 0 0
0 0 0 0 0 0
0 0 0 0 0 0
0 0 0 0 0 0
0 0 0 0 0 0
0 0 0 0 0 0
0 0 0 0 0 0
0 0 0 0 0 0
0 0 0 0 0 0
0 0 0 0 0 0
0 0 0 0 0 0
0 0 0 0 0 0
0 0 0 0 0 0
0 0 0 0 0 0
0 0 0 0 0 0
0 0 0 0 0 0
0 0 0 0 0 0
0 0 0 0 0 0
0 0 0 0 0 0
0 0 0 0 0 0
0 0 0 0 0 0
0 0 0 0 0 0
0 0 0 0 0 0
0 0 0 0 0 0
0 0 0 0 0 0
0 0 0 0 0 0
0 0 0 0 0 0
0 0 0 0 0 0
0 0 0 0 0 0
0 0 0 0 0 0
6766.77 0 0 0 0 0
3767.62 0 0 0 0 0
2038.64 0 0 0 0 0
1052.84 0 0 0 0 0
500.247 0 0 0 0 0
198.805 0 0 0 0 0
41.7839 0 0 0 0 0
0 0 0 0 0 0
0 0 0 0 0 0
0 0 0 0 0 0
0 0 0 0 0 0
0 0 0 0 0 0
0 0 0 0 0 0
0 0 0 0 0 0
0 0 0 0 0 0
0 0 0 0 0 0
0 0 0 0 0 0
0 0 0 0 0 0
0 0 0 0 0 0
0 0 0 0 0 0
0 0 0 0 0 0
0 0 0 0 0 0
0 0 0 0 0 0
0 0 0 0 0 0
0 0 0 0 0 0
0 0 0 0 0 0
0 0 0 0 0 0
0 0 0 0 0 0
0 0 0 0 0 0
0 0 0 0 0 0
411.651 0 0 0 0 0
276.144 0 0 0 0 0
194.263 0 0 0 0 0
147.311 0 0 0 0 0
120.758 0 0 0 0 0
106.065 0 0 0 0 0
98.2206 0 0 0 0 0
94.2906 0 0 0 0 0
92.5636 0 0 0 0 0
92.046 0 0 0 0 0
92.0183 0 0 0 0 0
92.1492 0 0 0 0 0
92.4627 0 0 0 0 0
92.9279 0 0 0 0 0
93.494 0 0 0 0 0
94.109 0 0 0 0 0
94.7334 0 0 0 0 0
95.36 0 0 0 0 0
95.9303 0 0 0 0 0
96.4142 0 0 0 0 0
96.808 0 0 0 0 0
97.1198 0 0 0 0 0
97.3621 0 0 0 0 0
97.5478 0 0 0 0 0
97.6889 0 0 0 0 0
97.7951 0 0 0 0 0
97.8747 0 0 0 0 0
97.934 0 0 0 0 0
97.978 0 0 0 0 0
98.0105 0 0 0 0 0
98.0345 0 0 0 0 0
98.0522 0 0 0 0 0
98.0651 0 0 0 0 0
98.0746 0 0 0 0 0
98.0816 0 0 0 0 0
98.0866 0 0 0 0 0
98.0903 0 0 0 0 0
98.093 0 0 0 0 0
98.095 0 0 0 0 0
98.0964 0 0 0 0 0
98.0974 0 0 0 0 0
98.0981 0 0 0 0 0
98.0987 0 0 0 0 0
98.099 0 0 0 0 0
98.0993 0 0 0 0 0
98.0995 0 0 0 0 0
