0 0 0 
0 0 -0.000245238 
0 0 -0.000735701 
0 0 -0.00147138 
0 0 -0.00245225 
0 0 -0.00367832 
0 0 -0.00514956 
0 0 -0.00686597 
0 0 -0.00882753 
0 0 -0.0110342 
0 0 -0.0134861 
0 0 -0.016183 
0 0 -0.019125 
0 0 -0.0223122 
0 0 -0.0257444 
0 0 -0.0294217 
0 0 -0.033344 
0 0 -0.0375114 
0 0 -0.0419238 
0 0 -0.0465812 
0 0 -0.0514836 
0 0 -0.056631 
0 0 -0.0620234 
0 0 -0.0676608 
0 0 -0.0735431 
0 0 -0.0796704 
0 0 -0.0860426 
0 0 -0.0926597 
0 0 -0.0995217 
0 0 -0.106629 
0 0 -0.11398 
0 0 -0.121577 
0 0 -0.129419 
0 0 -0.137505 
0 0 -0.145836 
0 0 -0.154412 
0 0 -0.163233 
0 0 -0.172299 
0 0 -0.181609 
0 0 -0.191164 
0 0 -0.200964 
0 0 -0.211009 
0 0 -0.221298 
0 0 -0.231833 
0 0 -0.242611 
0 0 -0.253635 
0 0 -0.264903 
0 0 -0.276416 
0 0 -0.288174 
0 0 -0.300176 
0 0 -0.312423 
0 0 -0.324914 
0 0 -0.337651 
0 0 -0.350631 
0 0 -0.363857 
0 0 -0.377326 
0 0 -0.391041 
0 0 -0.405 
0 0 -0.419203 
0 0 -0.433652 
0 0 -0.448344 
0 0 -0.463281 
0 0 -0.478463 
0 0 -0.493889 
0 0 -0.509559 
0 0 -0.525474 
0 0 -0.541634 
0 0 -0.558038 
0 0 -0.574686 
0 0 -0.591579 
0 0 -0.608716 
0 0 -0.626097 
0 0 -0.643723 
0 0 -0.661593 
0 0 -0.679708 
0 0 -0.698066 
0 0 -0.71667 
0 0 -0.735517 
0 0 -0.754609 
0 0 -0.773945 
0 0 -0.793525 
0 0 -0.81335 
0 0 -0.833419 
0 0 -0.853732 
0 0 -0.874289 
0 0 -0.89509 
0 0 -0.916136 
0 0 -0.937426 
0 0 -0.95896 
0 0 -0.980738 
0 0 -1.00276 
0 0 -1.02503 
0 0 -1.04754 
0 0 -1.07029 
0 0 -1.09329 
0 0 -1.11653 
0 0 -1.14002 
0 0 -1.16375 
0 0 -1.18773 
0 0 -1.21195 
0 0 -1.23641 
0 0 -1.26112 
0 0 -1.28607 
0 0 -1.31126 
0 0 -1.3367 
0 0 -1.36239 
0 0 -1.38831 
0 0 -1.41448 
0 0 -1.4409 
0 0 -1.46756 
0 0 -1.49446 
0 0 -1.52161 
0 0 -1.549 
0 0 -1.57663 
0 0 -1.60451 
0 0 -1.63263 
0 0 -1.661 
0 0 -1.68961 
0 0 -1.71846 
0 0 -1.74756 
0 0 -1.7769 
0 0 -1.80649 
0 0 -1.83631 
0 0 -1.86639 
0 0 -1.87979 
0 0 -1.88401 
0 0 -1.88339 
0 0 -1.88038 
0 0 -1.87636 
0 0 -1.87209 
0 0 -1.86796 
0 0 -1.86408 
0 0 -1.86044 
0 0 -1.85705 
0 0 -1.85391 
0 0 -1.85101 
0 0 -1.84835 
0 0 -1.84594 
0 0 -1.84378 
0 0 -1.84186 
0 0 -1.84018 
0 0 -1.83875 
0 0 -1.83757 
0 0 -1.83663 
0 0 -1.83594 
0 0 -1.83549 
0 0 -1.83529 
0 0 -1.83533 
0 0 -1.83562 
0 0 -1.83616 
0 0 -1.83694 
0 0 -1.83796 
0 0 -1.83923 
0 0 -1.84074 
0 0 -1.84147 
0 0 -1.84176 
0 0 -1.8418 
0 0 -1.84173 
0 0 -1.84159 
0 0 -1.84144 
0 0 -1.84128 
0 0 -1.84114 
0 0 -1.84101 
0 0 -1.84089 
0 0 -1.84079 
0 0 -1.8407 
0 0 -1.84063 
0 0 -1.84057 
0 0 -1.84052 
0 0 -1.84049 
0 0 -1.84046 
0 0 -1.84043 
0 0 -1.84042 
0 0 -1.8404 
0 0 -1.84039 
0 0 -1.84039 
0 0 -1.84038 
0 0 -1.84038 
0 0 -1.84037 
0 0 -1.84037 
0 0 -1.84037 
0 0 -1.84037 
0 0 -1.84037 
0 0 -1.84037 
0 0 -1.84037 
0 0 -1.84037 
0 0 -1.84037 
0 0 -1.84037 
0 0 -1.84037 
0 0 -1.84037 
0 0 -1.84037 
0 0 -1.84037 
0 0 -1.84037 
0 0 -1.84037 
0 0 -1.84037 
0 0 -1.84037 
0 0 -1.84037 
0 0 -1.84037 
0 0 -1.84037 
0 0 -1.84037 
