0 0 0 
0 0 -0.0490475 
0 0 -0.0980926 
0 0 -0.147135 
0 0 -0.196175 
0 0 -0.245213 
0 0 -0.294249 
0 0 -0.343281 
0 0 -0.392312 
0 0 -0.44134 
0 0 -0.490365 
0 0 -0.539388 
0 0 -0.588409 
0 0 -0.637427 
0 0 -0.686443 
0 0 -0.735456 
0 0 -0.784467 
0 0 -0.833475 
0 0 -0.882481 
0 0 -0.931484 
0 0 -0.980485 
0 0 -1.02948 
0 0 -1.07848 
0 0 -1.12747 
0 0 -1.17646 
0 0 -1.22545 
0 0 -1.27444 
0 0 -1.32342 
0 0 -1.3724 
0 0 -1.42138 
0 0 -1.47036 
0 0 -1.51933 
0 0 -1.56831 
0 0 -1.61727 
0 0 -1.66624 
0 0 -1.71521 
0 0 -1.76417 
0 0 -1.81313 
0 0 -1.86208 
0 0 -1.91104 
0 0 -1.95999 
0 0 -2.00894 
0 0 -2.05789 
0 0 -2.10683 
0 0 -2.15577 
0 0 -2.20471 
0 0 -2.25365 
0 0 -2.30259 
0 0 -2.35152 
0 0 -2.40045 
0 0 -2.44938 
0 0 -2.4983 
0 0 -2.54722 
0 0 -2.59614 
0 0 -2.64506 
0 0 -2.69398 
0 0 -2.74289 
0 0 -2.7918 
0 0 -2.84071 
0 0 -2.88961 
0 0 -2.93852 
0 0 -2.98742 
0 0 -3.03632 
0 0 -3.08521 
0 0 -3.1341 
0 0 -3.183 
0 0 -3.23188 
0 0 -3.28077 
0 0 -3.32965 
0 0 -3.37853 
0 0 -3.42741 
0 0 -3.47629 
0 0 -3.52516 
0 0 -3.57403 
0 0 -3.6229 
0 0 -3.67177 
0 0 -3.72063 
0 0 -3.76949 
0 0 -3.81835 
0 0 -3.86721 
0 0 -3.91606 
0 0 -3.96492 
0 0 -4.01377 
0 0 -4.06261 
0 0 -4.11146 
0 0 -4.1603 
0 0 -4.20914 
0 0 -4.25798 
0 0 -4.30681 
0 0 -4.35564 
0 0 -4.40447 
0 0 -4.4533 
0 0 -4.50212 
0 0 -4.55095 
0 0 -4.59977 
0 0 -4.64858 
0 0 -4.6974 
0 0 -4.74621 
0 0 -4.79502 
0 0 -4.84383 
0 0 -4.89264 
0 0 -4.94144 
0 0 -4.99024 
0 0 -5.03904 
0 0 -5.08783 
0 0 -5.13663 
0 0 -5.18542 
0 0 -5.23421 
0 0 -5.28299 
0 0 -5.33177 
0 0 -5.38056 
0 0 -5.42933 
0 0 -5.47811 
0 0 -5.52688 
0 0 -5.57565 
0 0 -5.62442 
0 0 -5.67319 
0 0 -5.72195 
0 0 -5.77072 
0 0 -5.81947 
0 0 -5.86823 
0 0 -5.91699 
0 0 -5.96574 
0 0 -6.01449 
0 0 -2.68002 
0 0 -0.845218 
0 0 0.125047 
0 0 0.602387 
0 0 0.80342 
0 0 0.85373 
0 0 0.82553 
0 0 0.776441 
0 0 0.727355 
0 0 0.678271 
0 0 0.62919 
0 0 0.580111 
0 0 0.531034 
0 0 0.48196 
0 0 0.432888 
0 0 0.383819 
0 0 0.334752 
0 0 0.285688 
0 0 0.236626 
0 0 0.187567 
0 0 0.13851 
0 0 0.0894556 
0 0 0.0404036 
0 0 -0.00864601 
0 0 -0.0576931 
0 0 -0.106738 
0 0 -0.15578 
0 0 -0.20482 
0 0 -0.253857 
0 0 -0.302892 
0 0 -0.146109 
0 0 -0.0570842 
0 0 -0.0090022 
0 0 0.0156025 
0 0 0.0269303 
0 0 0.0309114 
0 0 0.0309701 
0 0 0.029064 
0 0 0.0262945 
0 0 0.0232663 
0 0 0.0202245 
0 0 0.0172482 
0 0 0.0144288 
0 0 0.0118422 
0 0 0.00953868 
0 0 0.0075428 
0 0 0.00585918 
0 0 0.00448897 
0 0 0.00340396 
0 0 0.00256093 
0 0 0.00191481 
0 0 0.00142461 
0 0 0.00105559 
0 0 0.000779476 
0 0 0.000573884 
0 0 0.000421419 
0 0 0.000308736 
0 0 0.0002257 
0 0 0.000164669 
0 0 0.000119916 
0 0 8.71694e-05 
0 0 6.32563e-05 
0 0 4.58266e-05 
0 0 3.31451e-05 
0 0 2.39343e-05 
0 0 1.72556e-05 
0 0 1.24207e-05 
0 0 8.92643e-06 
0 0 6.40496e-06 
0 0 4.58838e-06 
0 0 3.2817e-06 
0 0 2.34329e-06 
0 0 1.67042e-06 
0 0 1.18873e-06 
0 0 8.44467e-07 
0 0 5.98824e-07 
