0 0 0 0 0 
8 0 0 0 0 
7.9996 0 0 0 0 
7.9992 0 0 0 0 
7.9988 0 0 0 0 
7.9984 0 0 0 0 
7.998 0 0 0 0 
7.9976 0 0 0 0 
7.9972 0 0 0 0 
7.9968 0 0 0 0 
7.9964 0 0 0 0 
7.996 0 0 0 0 
7.9956 0 0 0 0 
7.9952 0 0 0 0 
7.9948 0 0 0 0 
7.9944 0 0 0 0 
7.994 0 0 0 0 
7.9936 0 0 0 0 
7.9932 0 0 0 0 
7.9928 0 0 0 0 
7.9924 0 0 0 0 
-0.0079958 0 0 0 0 
-0.0079954 0 0 0 0 
-0.007995 0 0 0 0 
-0.0079946 0 0 0 0 
-0.0079942 0 0 0 0 
-0.0079938 0 0 0 0 
-0.0079934 0 0 0 0 
-0.007993 0 0 0 0 
-0.0079926 0 0 0 0 
-0.0079922 0 0 0 0 
-0.0079918 0 0 0 0 
-0.00799141 0 0 0 0 
-0.00799101 0 0 0 0 
-0.00799061 0 0 0 0 
-0.00799021 0 0 0 0 
-0.00798981 0 0 0 0 
-0.00798941 0 0 0 0 
-0.00798901 0 0 0 0 
-0.00798861 0 0 0 0 
-0.00798821 0 0 0 0 
-0.00798781 0 0 0 0 
-0.00798741 0 0 0 0 
-0.00798701 0 0 0 0 
-0.00798661 0 0 0 0 
-0.00798621 0 0 0 0 
-0.00798581 0 0 0 0 
-0.00798541 0 0 0 0 
-0.00798501 0 0 0 0 
-0.00798462 0 0 0 0 
-0.00798422 0 0 0 0 
-0.00798382 0 0 0 0 
-0.00798342 0 0 0 0 
-0.00798302 0 0 0 0 
-0.00798262 0 0 0 0 
-0.00798222 0 0 0 0 
-0.00798182 0 0 0 0 
-0.00798142 0 0 0 0 
-0.00798102 0 0 0 0 
-0.00798062 0 0 0 0 
-0.00798023 0 0 0 0 
-0.00797983 0 0 0 0 
-0.00797943 0 0 0 0 
-0.00797903 0 0 0 0 
-0.00797863 0 0 0 0 
-0.00797823 0 0 0 0 
-0.00797783 0 0 0 0 
-0.00797743 0 0 0 0 
-0.00797703 0 0 0 0 
-0.00797664 0 0 0 0 
-0.00797624 0 0 0 0 
-0.00797584 0 0 0 0 
-0.00797544 0 0 0 0 
-0.00797504 0 0 0 0 
-0.00797464 0 0 0 0 
-0.00797424 0 0 0 0 
-0.00797384 0 0 0 0 
-0.00797345 0 0 0 0 
-0.00797305 0 0 0 0 
-0.00797265 0 0 0 0 
-0.00797225 0 0 0 0 
-0.00797185 0 0 0 0 
-0.00797145 0 0 0 0 
-0.00797105 0 0 0 0 
-0.00797066 0 0 0 0 
-0.00797026 0 0 0 0 
-0.00796986 0 0 0 0 
-0.00796946 0 0 0 0 
-0.00796906 0 0 0 0 
-0.00796866 0 0 0 0 
-0.00796826 0 0 0 0 
-0.00796787 0 0 0 0 
-0.00796747 0 0 0 0 
-0.00796707 0 0 0 0 
-0.00796667 0 0 0 0 
-0.00796627 0 0 0 0 
-0.00796587 0 0 0 0 
-0.00796548 0 0 0 0 
-0.00796508 0 0 0 0 
-0.00796468 0 0 0 0 
-0.00796428 0 0 0 0 
-0.00796388 0 0 0 0 
-0.00796348 0 0 0 0 
-0.00796309 0 0 0 0 
-0.00796269 0 0 0 0 
-0.00796229 0 0 0 0 
-0.00796189 0 0 0 0 
-0.00796149 0 0 0 0 
-0.0079611 0 0 0 0 
-0.0079607 0 0 0 0 
-0.0079603 0 0 0 0 
-0.0079599 0 0 0 0 
-0.0079595 0 0 0 0 
-0.00795911 0 0 0 0 
-0.00795871 0 0 0 0 
-0.00795831 0 0 0 0 
-0.00795791 0 0 0 0 
-0.00795751 0 0 0 0 
-0.00795712 0 0 0 0 
-0.00795672 0 0 0 0 
-0.00795632 0 0 0 0 
-0.00795592 0 0 0 0 
-0.00795553 0 0 0 0 
-0.00795513 0 0 0 0 
-0.00795473 0 0 0 0 
-0.00795433 0 0 0 0 
-0.00795393 0 0 0 0 
-0.00795354 0 0 0 0 
-0.00795314 0 0 0 0 
-0.00795274 0 0 0 0 
-0.00795234 0 0 0 0 
-0.00795195 0 0 0 0 
-0.00795155 0 0 0 0 
-0.00795115 0 0 0 0 
-85.6638 0 0 8.56558e-09 0 
-47.4185 0 0 4.74125e-09 0 
-25.3315 0 0 2.53277e-09 0 
-12.7044 0 0 1.27025e-09 0 
-5.59658 0 0 5.59606e-10 0 
-1.69273 0 0 1.69319e-10 0 
0.000969179 0 0 0 0 
0.00096913 0 0 0 0 
0.000969082 0 0 0 0 
0.000969034 0 0 0 0 
0.000968985 0 0 0 0 
0.000968937 0 0 0 0 
0.000968888 0 0 0 0 
0.00096884 0 0 0 0 
0.000968791 0 0 0 0 
0.000968743 0 0 0 0 
0.000968694 0 0 0 0 
0.000968646 0 0 0 0 
0.000968598 0 0 0 0 
0.000968549 0 0 0 0 
0.000968501 0 0 0 0 
0.000968452 0 0 0 0 
0.000968404 0 0 0 0 
0.000968356 0 0 0 0 
0.000968307 0 0 0 0 
0.000968259 0 0 0 0 
0.00096821 0 0 0 0 
0.000968162 0 0 0 0 
0.000968113 0 0 0 0 
0.000968065 0 0 0 0 
0.000968017 0 0 0 0 
0.000967968 0 0 0 0 
0.00096792 0 0 0 0 
0.000967871 0 0 0 0 
0.000967823 0 0 0 0 
0.000967775 0 0 0 0 
0.000967726 0 0 0 0 
0.000967678 0 0 0 0 
0.00096763 0 0 0 0 
0.000967581 0 0 0 0 
0.000967533 0 0 0 0 
0.000967484 0 0 0 0 
0.000967436 0 0 0 0 
0.000967388 0 0 0 0 
0.000967339 0 0 0 0 
0.000967291 0 0 0 0 
0.000967243 0 0 0 0 
0.000967194 0 0 0 0 
0.000967146 0 0 0 0 
0.000967098 0 0 0 0 
0.000967049 0 0 0 0 
0.000967001 0 0 0 0 
0.000966952 0 0 0 0 
0.000966904 0 0 0 0 
0.000966856 0 0 0 0 
0.000966807 0 0 0 0 
0.000966759 0 0 0 0 
0.000966711 0 0 0 0 
0.000966662 0 0 0 0 
0.000966614 0 0 0 0 
0.000966566 0 0 0 0 
0.000966517 0 0 0 0 
0.000966469 0 0 0 0 
0.000966421 0 0 0 0 
0.000966372 0 0 0 0 
0.000966324 0 0 0 0 
