0 0 0 0 0 
0.00019999 0 0 0 0 
0.00059996 0 0 0 0 
0.0011999 0 0 0 0 
0.0019998 0 0 0 0 
0.00299965 0 0 0 0 
0.00419944 0 0 0 0 
0.00559916 0 0 0 0 
0.0071988 0 0 0 0 
0.00899835 0 0 0 0 
0.0109978 0 0 0 0 
0.0131971 0 0 0 0 
0.0155964 0 0 0 0 
0.0181955 0 0 0 0 
0.0209944 0 0 0 0 
0.0239932 0 0 0 0 
0.0271918 0 0 0 0 
0.0305903 0 0 0 0 
0.0341886 0 0 0 0 
0.0379867 0 0 0 0 
0.0419846 0 0 0 0 
0.0459823 0 0 0 0 
0.0499798 0 0 0 0 
0.0539771 0 0 0 0 
0.0579742 0 0 0 0 
0.0619711 0 0 0 0 
0.0659678 0 0 0 0 
0.0699643 0 0 0 0 
0.0739606 0 0 0 0 
0.0779567 0 0 0 0 
0.0819526 0 0 0 0 
0.0859483 0 0 0 0 
0.0899438 0 0 0 0 
0.0939391 0 0 0 0 
0.0979342 0 0 0 0 
0.101929 0 0 0 0 
0.105924 0 0 0 0 
0.109918 0 0 0 0 
0.113913 0 0 0 0 
0.117907 0 0 0 0 
0.121901 0 0 0 0 
0.125894 0 0 0 0 
0.129888 0 0 0 0 
0.133881 0 0 0 0 
0.137874 0 0 0 0 
0.141867 0 0 0 0 
0.14586 0 0 0 0 
0.149852 0 0 0 0 
0.153845 0 0 0 0 
0.157837 0 0 0 0 
0.161829 0 0 0 0 
0.16582 0 0 0 0 
0.169812 0 0 0 0 
0.173803 0 0 0 0 
0.177794 0 0 0 0 
0.181785 0 0 0 0 
0.185776 0 0 0 0 
0.189766 0 0 0 0 
0.193757 0 0 0 0 
0.197747 0 0 0 0 
0.201737 0 0 0 0 
0.205727 0 0 0 0 
0.209716 0 0 0 0 
0.213705 0 0 0 0 
0.217694 0 0 0 0 
0.221683 0 0 0 0 
0.225672 0 0 0 0 
0.229661 0 0 0 0 
0.233649 0 0 0 0 
0.237637 0 0 0 0 
0.241625 0 0 0 0 
0.245613 0 0 0 0 
0.2496 0 0 0 0 
0.253588 0 0 0 0 
0.257575 0 0 0 0 
0.261562 0 0 0 0 
0.265548 0 0 0 0 
0.269535 0 0 0 0 
0.273521 0 0 0 0 
0.277507 0 0 0 0 
0.281493 0 0 0 0 
0.285479 0 0 0 0 
0.289464 0 0 0 0 
0.29345 0 0 0 0 
0.297435 0 0 0 0 
0.30142 0 0 0 0 
0.305405 0 0 0 0 
0.309389 0 0 0 0 
0.313373 0 0 0 0 
0.317358 0 0 0 0 
0.321342 0 0 0 0 
0.325325 0 0 0 0 
0.329309 0 0 0 0 
0.333292 0 0 0 0 
0.337275 0 0 0 0 
0.341258 0 0 0 0 
0.345241 0 0 0 0 
0.349223 0 0 0 0 
0.353206 0 0 0 0 
0.357188 0 0 0 0 
0.36117 0 0 0 0 
0.365152 0 0 0 0 
0.369133 0 0 0 0 
0.373115 0 0 0 0 
0.377096 0 0 0 0 
0.381077 0 0 0 0 
0.385057 0 0 0 0 
0.389038 0 0 0 0 
0.393018 0 0 0 0 
0.396998 0 0 0 0 
0.400978 0 0 0 0 
0.404958 0 0 0 0 
0.408938 0 0 0 0 
0.412917 0 0 0 0 
0.416896 0 0 0 0 
0.420875 0 0 0 0 
0.424854 0 0 0 0 
0.428832 0 0 0 0 
0.432811 0 0 0 0 
0.436789 0 0 0 0 
0.440767 0 0 0 0 
0.444745 0 0 0 0 
0.448722 0 0 0 0 
0.4527 0 0 0 0 
0.456677 0 0 0 0 
0.460654 0 0 0 0 
0.464631 0 0 0 0 
0.468607 0 0 0 0 
0.472583 0 0 0 0 
0.47656 0 0 0 0 
0.480536 0 0 0 0 
0.484511 0 0 0 0 
0.488487 0 0 0 0 
0.492462 0 0 0 0 
0.494296 0 0 2.1414e-13 0 
0.494945 0 0 5.46816e-13 0 
0.49496 0 0 9.42819e-13 0 
0.494658 0 0 1.37058e-12 0 
0.494215 0 0 1.81234e-12 0 
0.493731 0 0 2.25833e-12 0 
0.493246 0 0 2.70432e-12 0 
0.492762 0 0 3.15031e-12 0 
0.492277 0 0 3.5963e-12 0 
0.491793 0 0 4.04229e-12 0 
0.491308 0 0 4.48828e-12 0 
0.490824 0 0 4.93427e-12 0 
0.490339 0 0 5.38026e-12 0 
0.489855 0 0 5.82625e-12 0 
0.48937 0 0 6.27224e-12 0 
0.488886 0 0 6.71823e-12 0 
0.488402 0 0 7.16422e-12 0 
0.487918 0 0 7.61021e-12 0 
0.487433 0 0 8.0562e-12 0 
0.486949 0 0 8.50219e-12 0 
0.486465 0 0 8.94818e-12 0 
0.485981 0 0 9.39417e-12 0 
0.485496 0 0 9.84016e-12 0 
0.485012 0 0 1.02862e-11 0 
0.484528 0 0 1.07321e-11 0 
0.484044 0 0 1.11781e-11 0 
0.48356 0 0 1.16241e-11 0 
0.483076 0 0 1.20701e-11 0 
0.482592 0 0 1.25161e-11 0 
0.482108 0 0 1.29621e-11 0 
0.481624 0 0 1.34081e-11 0 
0.48114 0 0 1.38541e-11 0 
0.480656 0 0 1.43001e-11 0 
0.480172 0 0 1.47461e-11 0 
0.479688 0 0 1.5192e-11 0 
0.479204 0 0 1.5638e-11 0 
0.47872 0 0 1.6084e-11 0 
0.478237 0 0 1.653e-11 0 
0.477753 0 0 1.6976e-11 0 
0.477269 0 0 1.7422e-11 0 
0.476785 0 0 1.7868e-11 0 
0.476302 0 0 1.8314e-11 0 
0.475818 0 0 1.876e-11 0 
0.475334 0 0 1.9206e-11 0 
0.474851 0 0 1.96519e-11 0 
0.474367 0 0 2.00979e-11 0 
0.473883 0 0 2.05439e-11 0 
0.4734 0 0 2.09899e-11 0 
0.472916 0 0 2.14359e-11 0 
0.472433 0 0 2.18819e-11 0 
0.471949 0 0 2.23279e-11 0 
0.471466 0 0 2.27739e-11 0 
0.470982 0 0 2.32199e-11 0 
0.470499 0 0 2.36659e-11 0 
0.470015 0 0 2.41119e-11 0 
0.469532 0 0 2.45578e-11 0 
0.469049 0 0 2.50038e-11 0 
0.468565 0 0 2.54498e-11 0 
0.468082 0 0 2.58958e-11 0 
0.467599 0 0 2.63418e-11 0 
0.467116 0 0 2.67878e-11 0 
0.466632 0 0 2.72338e-11 0 
0.466149 0 0 2.76798e-11 0 
0.465666 0 0 2.81258e-11 0 
0.465183 0 0 2.85718e-11 0 
0.4647 0 0 2.90177e-11 0 
