0 0 0 0 0 
0.039998 0 0 0 0 
0.079994 0 0 0 0 
0.119988 0 0 0 0 
0.15998 0 0 0 0 
0.19997 0 0 0 0 
0.239958 0 0 0 0 
0.279944 0 0 0 0 
0.319928 0 0 0 0 
0.35991 0 0 0 0 
0.39989 0 0 0 0 
0.439868 0 0 0 0 
0.479844 0 0 0 0 
0.519818 0 0 0 0 
0.55979 0 0 0 0 
0.59976 0 0 0 0 
0.639728 0 0 0 0 
0.679694 0 0 0 0 
0.719658 0 0 0 0 
0.75962 0 0 0 0 
0.79958 0 0 0 0 
0.79954 0 0 0 0 
0.7995 0 0 0 0 
0.79946 0 0 0 0 
0.79942 0 0 0 0 
0.79938 0 0 0 0 
0.79934 0 0 0 0 
0.7993 0 0 0 0 
0.79926 0 0 0 0 
0.79922 0 0 0 0 
0.79918 0 0 0 0 
0.799141 0 0 0 0 
0.799101 0 0 0 0 
0.799061 0 0 0 0 
0.799021 0 0 0 0 
0.798981 0 0 0 0 
0.798941 0 0 0 0 
0.798901 0 0 0 0 
0.798861 0 0 0 0 
0.798821 0 0 0 0 
0.798781 0 0 0 0 
0.798741 0 0 0 0 
0.798701 0 0 0 0 
0.798661 0 0 0 0 
0.798621 0 0 0 0 
0.798581 0 0 0 0 
0.798541 0 0 0 0 
0.798501 0 0 0 0 
0.798462 0 0 0 0 
0.798422 0 0 0 0 
0.798382 0 0 0 0 
0.798342 0 0 0 0 
0.798302 0 0 0 0 
0.798262 0 0 0 0 
0.798222 0 0 0 0 
0.798182 0 0 0 0 
0.798142 0 0 0 0 
0.798102 0 0 0 0 
0.798062 0 0 0 0 
0.798023 0 0 0 0 
0.797983 0 0 0 0 
0.797943 0 0 0 0 
0.797903 0 0 0 0 
0.797863 0 0 0 0 
0.797823 0 0 0 0 
0.797783 0 0 0 0 
0.797743 0 0 0 0 
0.797703 0 0 0 0 
0.797664 0 0 0 0 
0.797624 0 0 0 0 
0.797584 0 0 0 0 
0.797544 0 0 0 0 
0.797504 0 0 0 0 
0.797464 0 0 0 0 
0.797424 0 0 0 0 
0.797384 0 0 0 0 
0.797345 0 0 0 0 
0.797305 0 0 0 0 
0.797265 0 0 0 0 
0.797225 0 0 0 0 
0.797185 0 0 0 0 
0.797145 0 0 0 0 
0.797105 0 0 0 0 
0.797066 0 0 0 0 
0.797026 0 0 0 0 
0.796986 0 0 0 0 
0.796946 0 0 0 0 
0.796906 0 0 0 0 
0.796866 0 0 0 0 
0.796826 0 0 0 0 
0.796787 0 0 0 0 
0.796747 0 0 0 0 
0.796707 0 0 0 0 
0.796667 0 0 0 0 
0.796627 0 0 0 0 
0.796587 0 0 0 0 
0.796548 0 0 0 0 
0.796508 0 0 0 0 
0.796468 0 0 0 0 
0.796428 0 0 0 0 
0.796388 0 0 0 0 
0.796348 0 0 0 0 
0.796309 0 0 0 0 
0.796269 0 0 0 0 
0.796229 0 0 0 0 
0.796189 0 0 0 0 
0.796149 0 0 0 0 
0.79611 0 0 0 0 
0.79607 0 0 0 0 
0.79603 0 0 0 0 
0.79599 0 0 0 0 
0.79595 0 0 0 0 
0.795911 0 0 0 0 
0.795871 0 0 0 0 
0.795831 0 0 0 0 
0.795791 0 0 0 0 
0.795751 0 0 0 0 
0.795712 0 0 0 0 
0.795672 0 0 0 0 
0.795632 0 0 0 0 
0.795592 0 0 0 0 
0.795553 0 0 0 0 
0.795513 0 0 0 0 
0.795473 0 0 0 0 
0.795433 0 0 0 0 
0.795393 0 0 0 0 
0.795354 0 0 0 0 
0.795314 0 0 0 0 
0.795274 0 0 0 0 
0.795234 0 0 0 0 
0.795195 0 0 0 0 
0.795155 0 0 0 0 
0.795115 0 0 0 0 
0.795075 0 0 0 0 
0.366778 0 0 4.28279e-11 0 
0.129697 0 0 6.65353e-11 0 
0.00304574 0 0 7.92005e-11 0 
-0.0604732 0 0 8.55527e-11 0 
-0.0884547 0 0 8.83513e-11 0 
-0.0969179 0 0 8.91981e-11 0 
-0.096913 0 0 8.91981e-11 0 
-0.0969082 0 0 8.91981e-11 0 
-0.0969034 0 0 8.91981e-11 0 
-0.0968985 0 0 8.91981e-11 0 
-0.0968937 0 0 8.91981e-11 0 
-0.0968888 0 0 8.91981e-11 0 
-0.096884 0 0 8.91981e-11 0 
-0.0968791 0 0 8.91981e-11 0 
-0.0968743 0 0 8.91981e-11 0 
-0.0968694 0 0 8.91981e-11 0 
-0.0968646 0 0 8.91981e-11 0 
-0.0968598 0 0 8.91981e-11 0 
-0.0968549 0 0 8.91981e-11 0 
-0.0968501 0 0 8.91981e-11 0 
-0.0968452 0 0 8.91981e-11 0 
-0.0968404 0 0 8.91981e-11 0 
-0.0968356 0 0 8.91981e-11 0 
-0.0968307 0 0 8.91981e-11 0 
-0.0968259 0 0 8.91981e-11 0 
-0.096821 0 0 8.91981e-11 0 
-0.0968162 0 0 8.91981e-11 0 
-0.0968113 0 0 8.91981e-11 0 
-0.0968065 0 0 8.91981e-11 0 
-0.0968017 0 0 8.91981e-11 0 
-0.0967968 0 0 8.91981e-11 0 
-0.096792 0 0 8.91981e-11 0 
-0.0967871 0 0 8.91981e-11 0 
-0.0967823 0 0 8.91981e-11 0 
-0.0967775 0 0 8.91981e-11 0 
-0.0967726 0 0 8.91981e-11 0 
-0.0967678 0 0 8.91981e-11 0 
-0.096763 0 0 8.91981e-11 0 
-0.0967581 0 0 8.91981e-11 0 
-0.0967533 0 0 8.91981e-11 0 
-0.0967484 0 0 8.91981e-11 0 
-0.0967436 0 0 8.91981e-11 0 
-0.0967388 0 0 8.91981e-11 0 
-0.0967339 0 0 8.91981e-11 0 
-0.0967291 0 0 8.91981e-11 0 
-0.0967243 0 0 8.91981e-11 0 
-0.0967194 0 0 8.91981e-11 0 
-0.0967146 0 0 8.91981e-11 0 
-0.0967098 0 0 8.91981e-11 0 
-0.0967049 0 0 8.91981e-11 0 
-0.0967001 0 0 8.91981e-11 0 
-0.0966952 0 0 8.91981e-11 0 
-0.0966904 0 0 8.91981e-11 0 
-0.0966856 0 0 8.91981e-11 0 
-0.0966807 0 0 8.91981e-11 0 
-0.0966759 0 0 8.91981e-11 0 
-0.0966711 0 0 8.91981e-11 0 
-0.0966662 0 0 8.91981e-11 0 
-0.0966614 0 0 8.91981e-11 0 
-0.0966566 0 0 8.91981e-11 0 
-0.0966517 0 0 8.91981e-11 0 
-0.0966469 0 0 8.91981e-11 0 
-0.0966421 0 0 8.91981e-11 0 
-0.0966372 0 0 8.91981e-11 0 
-0.0966324 0 0 8.91981e-11 0 
-0.0966276 0 0 8.91981e-11 0 
